[gd_scene load_steps=11 format=3 uid="uid://qck50px03wk7"]

[ext_resource type="Script" path="res://scripts/gameManager.gd" id="1_54j0d"]
[ext_resource type="Texture2D" uid="uid://by8njy82ag5vr" path="res://textures/OutdoorHDRI048_4K-HDR.exr" id="2_b14io"]
[ext_resource type="PackedScene" uid="uid://cwiu8nsyij4gn" path="res://components/player/player.tscn" id="3_htgbm"]
[ext_resource type="Script" path="res://scripts/inputManager.gd" id="3_n6g5r"]
[ext_resource type="Texture2D" uid="uid://cknnpbe7gnutf" path="res://components/prototype/Green/texture_01.png" id="4_46gpd"]
[ext_resource type="PackedScene" uid="uid://c8wbl6dnharr" path="res://components/debugMenu/debug.tscn" id="4_kibe2"]

[sub_resource type="PanoramaSkyMaterial" id="PanoramaSkyMaterial_o8r0v"]
panorama = ExtResource("2_b14io")

[sub_resource type="Sky" id="Sky_i27my"]
sky_material = SubResource("PanoramaSkyMaterial_o8r0v")

[sub_resource type="Environment" id="Environment_a6xcn"]
background_mode = 2
sky = SubResource("Sky_i27my")
tonemap_mode = 2
glow_enabled = true

[sub_resource type="StandardMaterial3D" id="StandardMaterial3D_jxrtg"]
albedo_texture = ExtResource("4_46gpd")

[node name="lyoki" type="Node3D"]
script = ExtResource("1_54j0d")

[node name="directors" type="Node" parent="."]

[node name="inputManager" type="Node" parent="directors"]
script = ExtResource("3_n6g5r")

[node name="player" parent="." instance=ExtResource("3_htgbm")]
transform = Transform3D(1, 0, 0, 0, 1, 0, 0, 0, 1, 0, 1.341, 0)
jump_velocity = 6

[node name="debug" parent="." instance=ExtResource("4_kibe2")]
position = Vector2(-960, 0)

[node name="world" type="Node3D" parent="."]

[node name="enviroment" type="WorldEnvironment" parent="world"]
environment = SubResource("Environment_a6xcn")

[node name="sun" type="DirectionalLight3D" parent="world"]
transform = Transform3D(0.933167, 0.309878, -0.182139, 0, 0.506726, 0.862107, 0.359443, -0.80449, 0.47286, 0, 0, 0)
shadow_enabled = true

[node name="CSGBox3D1" type="CSGBox3D" parent="."]
use_collision = true
size = Vector3(20, 1, 20)
material = SubResource("StandardMaterial3D_jxrtg")

[node name="CSGBox3D1" type="CSGBox3D" parent="CSGBox3D1"]
transform = Transform3D(1, 0, 0, 0, 1, 0, 0, 0, 1, 0, 11.8859, 64.0913)
use_collision = true
size = Vector3(20, 1, 20)
material = SubResource("StandardMaterial3D_jxrtg")

[node name="CSGBox3D2" type="CSGBox3D" parent="CSGBox3D1"]
transform = Transform3D(1, 0, 0, 0, 0.893982, 0.448102, 0, -0.448102, 0.893982, 0, 14.8859, 80.1623)
use_collision = true
size = Vector3(19.6781, 1, 14)
material = SubResource("StandardMaterial3D_jxrtg")

[node name="CSGBox3D3" type="CSGBox3D" parent="CSGBox3D1"]
transform = Transform3D(1, 0, 0, 0, 1, 0, 0, 0, 1, 0, 17.9273, 96.1311)
use_collision = true
size = Vector3(20, 1, 20)
material = SubResource("StandardMaterial3D_jxrtg")

[node name="CSGBox3D5" type="CSGBox3D" parent="CSGBox3D1"]
transform = Transform3D(1, 0, 0, 0, 0.893982, 0.448102, 0, -0.448102, 0.893982, 0, 20.9273, 112.202)
use_collision = true
size = Vector3(19.6781, 1, 14)
material = SubResource("StandardMaterial3D_jxrtg")

[node name="CSGBox3D2" type="CSGBox3D" parent="."]
transform = Transform3D(1, 0, 0, 0, 0.893982, 0.448102, 0, -0.448102, 0.893982, 0, 3, 16.071)
use_collision = true
size = Vector3(19.6781, 1, 14)
material = SubResource("StandardMaterial3D_jxrtg")

[node name="CSGBox3D4" type="CSGBox3D" parent="."]
transform = Transform3D(1, 0, 0, 0, 1, 0, 0, 0, 1, 0, 0, -510)
use_collision = true
size = Vector3(957.011, 1, 1000)
material = SubResource("StandardMaterial3D_jxrtg")

[node name="CSGBox3D3" type="CSGBox3D" parent="."]
transform = Transform3D(1, 0, 0, 0, 1, 0, 0, 0, 1, 0, 6.04136, 32.0398)
use_collision = true
size = Vector3(20, 1, 20)
material = SubResource("StandardMaterial3D_jxrtg")

[node name="CSGBox3D5" type="CSGBox3D" parent="."]
transform = Transform3D(1, 0, 0, 0, 0.893982, 0.448102, 0, -0.448102, 0.893982, 0, 9.04136, 48.1108)
use_collision = true
size = Vector3(19.6781, 1, 14)
material = SubResource("StandardMaterial3D_jxrtg")
